7 xx 1 1 2 3 3 3 3 4 4 5 6 6 7 7 7 9 10 10 10 10 11 12 13 14 15 16 16 17

1  3  3  4  3  2  1 
 4  6  7  7  5  3
  7  10 10  9  6
   11  13 12 10
     14  15 10
	   16  16
	     17
		 
7 xx 1 1 1 1 1 1 1 2 2 2 2 2 2 3 3 3 3 3 4 4 4 4 5 5 5 6 6 7

1 1 1 1 1 1 1 
 2 2 2 2 2 2
  3 3 3 3 3
   4 4 4 4
    5 5 5
	 6 6
	  7
	  
6 xx 1 1 2 2 3 3 3 3 5 5 6 6 6 8 8 9 9 10 11 11 12

1  2  3  3  2  1
 3	 5  6  5  3
   6  8  8  6
     9 10  9
	  11 11
	    12
5 x 1 2 3 3 4 5 5 6 7 9 9 10 12 14 15
1 2 3 4 5
 3 5 7 9
  6 9 12
  10 14
    15

4 xx 1 2 3 3 4 5 6 7 9 10
1 2 3 4
 3 5 7
  6 9
   10